%YAML:1.0
---
camera_matrix: !!opencv-matrix
   rows: 3
   cols: 3
   dt: d
   data: [ 6.2425613979006107e+02, 0., 3.3472661579413688e+02, 0.,
       6.2080019602336426e+02, 2.1902446486039193e+02, 0., 0., 1. ]
distortion_coefficients: !!opencv-matrix
   rows: 1
   cols: 5
   dt: d
   data: [ 1.9929767014442029e-01, -4.9579212524184879e-01,
       -7.9416518915816723e-03, 5.7195437676166587e-04,
       -2.5235622574605737e-01 ]
